Week	avgdtc	avgpp	avgsd	avgt	avgws	bl	activesta
1	20472	0.00	0.00	85.00	4.36	550.69	325
2	27703	0.03	0.00	78.00	4.70	552.41	327
3	27788	0.00	0.00	85.00	5.26	553.65	329
4	27989	0.12	0.00	75.00	2.69	553.65	329
5	32397	0.03	0.00	73.00	4.25	554.96	328
6	35131	0.00	0.00	75.00	3.69	554.96	327
7	32449	0.00	0.00	73.00	2.46	554.96	328
8	32348	0.00	0.00	73.50	4.48	554.96	327
9	25308	0.00	0.00	80.00	3.69	555.07	327
10	33808	0.00	0.00	72.00	4.93	555.83	330
11	31761	0.00	0.00	61.50	4.25	556.24	328
12	30792	0.58	0.00	65.50	5.15	556.62	330
13	33762	0.00	0.00	65.00	3.80	564.54	328
14	30378	0.00	0.00	69.00	4.70	564.54	329
15	30645	0.00	0.00	63.50	9.84	569.69	327
16	29402	0.01	0.00	57.50	4.48	576.46	325
17	24267	0.00	0.00	50.00	5.70	582.99	325
18	25906	0.00	0.00	54.00	5.03	584.61	329
19	20723	0.00	0.00	48.50	6.27	587.83	327
20	21595	0.04	0.00	54.50	3.13	591.82	328
21	14194	0.00	0.00	35.00	10.85	592.18	326
22	11595	0.00	0.00	37.50	3.47	593.91	329
23	12818	0.11	0.00	34.00	6.15	593.91	327
24	5582	0.72	1.57	31.50	9.40	593.91	323
25	16502	0.01	0.59	62.00	6.71	593.91	328
26	7899	0.60	0.00	45.50	6.60	593.91	324
27	2485	0.07	4.92	26.50	4.36	596.29	308
28	10105	0.28	0.00	47.00	7.72	596.29	326
29	9233	0.04	0.00	32.50	7.27	596.29	327
30	4659	0.02	3.94	25.00	3.81	596.29	317
31	13294	0.00	1.18	44.50	3.36	596.29	324
32	5491	0.05	8.46	25.50	4.25	596.29	318
33	2632	0.06	18.11	29.00	9.18	596.29	301
34	13184	0.00	9.45	48.00	6.27	596.29	326
35	8699	0.00	5.51	32.50	4.14	596.29	327
36	14306	0.00	2.56	43.00	6.04	596.29	330
37	13952	0.00	0.00	43.00	8.28	596.29	330
38	15810	0.00	0.00	43.50	7.16	596.29	330
39	6194	1.08	0.00	47.50	10.41	596.29	326
40	19703	0.00	0.00	48.00	6.38	596.72	325
41	26990	0.00	0.00	64.00	5.04	596.72	327
42	21417	0.00	0.00	54.00	5.93	596.72	326
43	20913	0.46	0.00	55.00	5.60	598.48	325
44	23389	0.05	0.00	61.50	5.82	599.22	323
45	25079	0.20	0.00	70.50	3.80	599.22	324
46	28674	0.00	0.00	60.50	5.37	599.69	321
47	21218	0.20	0.00	66.00	2.80	599.69	322
48	29534	0.03	0.00	65.50	4.70	599.69	324
49	30683	0.00	0.00	73.50	2.91	601.61	323
50	28400	0.00	0.00	68.50	4.48	601.95	325
51	29853	0.00	0.00	71.00	3.47	603.65	327
52	28247	0.00	0.00	76.50	2.80	604.61	326
53	23368	0.00	0.00	73.50	5.82	607.83	324
54	26794	0.02	0.00	78.00	4.25	608.67	325
55	29794	0.00	0.00	72.00	4.59	608.67	324
56	27092	0.01	0.00	76.50	3.81	608.84	323
57	26030	0.24	0.00	70.00	4.14	609.59	322
58	29193	0.00	0.00	77.50	2.91	610.69	323
59	29717	0.01	0.00	72.50	3.81	611.48	323
60	26961	0.01	0.00	72.00	3.92	614.62	322
61	20371	0.31	0.00	77.50	2.80	614.62	324
62	27777	0.06	0.00	76.00	4.70	615.44	324
63	22991	0.13	0.00	63.00	4.14	616.45	323
64	28046	0.07	0.00	68.50	2.24	616.45	324
65	29607	0.00	0.00	73.00	2.13	618.12	326
66	18405	0.59	0.00	57.50	6.15	618.47	325
67	18180	0.17	0.00	55.50	3.58	618.47	324
68	21909	0.00	0.00	56.50	6.94	621.40	324
69	22860	0.01	0.00	58.50	6.83	621.40	324
70	10051	0.18	0.00	45.00	9.85	623.11	321
71	17825	0.00	0.00	47.00	4.36	623.11	324
72	13665	0.02	0.00	39.00	3.69	625.17	326
73	14176	0.00	0.00	43.00	4.36	626.26	324
74	10284	0.00	0.00	43.00	3.92	626.26	322
75	7279	0.63	0.00	40.50	7.95	627.49	321
76	12245	0.00	0.00	40.50	7.50	627.75	322
77	9165	0.00	0.00	33.00	4.92	627.75	327
78	9075	0.05	0.00	49.50	5.15	627.75	328
79	6164	0.50	0.00	43.50	6.49	627.75	326
80	6788	0.00	1.18	24.00	7.05	627.75	326
81	4643	1.05	0.00	31.00	4.92	627.75	312
82	7097	0.36	2.56	36.50	6.15	627.75	322
83	5815	0.02	6.50	24.00	8.05	627.75	319
84	6726	0.01	7.87	33.00	6.15	627.75	324
85	3598	0.01	8.46	19.50	9.96	627.75	314
86	3716	0.35	11.02	30.50	3.69	627.75	317
87	4599	0.26	10.43	24.50	2.91	627.75	315
88	6744	0.00	17.13	35.50	5.14	627.75	319
89	6372	0.41	0.59	43.00	8.50	627.75	318
90	9507	0.00	2.56	37.00	6.49	627.75	323
91	5467	0.00	0.00	34.50	6.94	627.75	294
92	14077	0.01	0.00	51.50	7.50	627.75	321
93	19299	0.00	0.00	53.00	6.04	627.75	319
94	24825	0.00	0.00	63.00	6.38	627.75	319
95	21338	0.00	0.00	52.50	5.37	627.75	318
96	26719	0.00	0.00	63.50	2.69	628.84	317
97	25451	0.00	0.00	68.00	3.92	629.04	320
98	27426	0.16	0.00	70.00	2.01	629.04	319
99	24531	0.00	0.00	64.50	4.14	630.85	319
100	25367	0.73	0.00	74.00	5.59	630.85	316
101	28554	0.09	0.00	66.50	4.25	632.31	319
102	29082	0.18	0.00	78.00	4.03	633.37	321
103	24753	0.32	0.00	75.00	4.92	633.37	323
104	18038	0.70	0.00	66.50	6.38	635.04	321
105	23813	0.00	0.00	74.00	2.47	641.32	324
106	31378	0.00	0.00	80.00	2.24	643.15	325
107	28701	0.16	0.00	82.00	3.80	644.31	325
108	31091	0.00	0.00	80.50	3.80	644.31	324
109	33401	0.00	0.00	81.00	3.24	644.31	325
110	35720	0.00	0.00	76.00	3.80	644.49	330
111	34083	0.00	0.00	84.00	2.47	645.41	347
112	33674	0.00	0.00	78.00	4.25	647.20	385
113	33647	0.06	0.00	79.00	3.02	647.20	409
114	33602	0.00	0.00	75.50	2.69	648.05	419
115	34228	0.17	0.00	72.50	5.26	650.38	429
116	41737	0.00	0.00	74.00	5.26	650.90	438
117	40423	0.00	0.00	65.50	5.48	651.12	435
118	23389	0.18	0.00	55.00	11.08	655.99	434
119	39156	0.00	0.00	59.50	3.13	658.78	447
120	27894	0.00	0.00	46.50	5.37	658.78	455
121	30501	0.03	0.00	53.50	4.48	658.88	455
122	31189	0.00	0.00	54.50	3.92	662.67	451
123	33952	0.00	0.00	57.00	4.03	662.67	465
124	25645	0.00	0.00	47.50	6.27	663.21	459
125	25691	0.02	0.00	48.50	6.38	663.21	459
126	17141	0.01	0.00	48.00	0.00	664.00	454
127	25651	0.00	0.00	46.00	2.80	666.54	464
128	31979	0.00	0.00	61.00	2.69	666.84	465
129	17404	0.00	0.00	38.50	7.72	666.84	461
130	13546	0.06	0.00	53.50	6.94	666.84	458
131	15043	0.00	0.00	38.00	7.27	666.84	463
132	17561	0.90	0.00	47.00	8.95	666.84	463
133	15601	0.15	0.00	41.50	6.15	666.84	463
134	0	1.16	13.95	27.00	10.74	666.84	0
135	14546	0.00	4.90	40.00	6.04	666.84	466
136	17269	0.00	0.00	37.00	5.48	666.84	468
137	5639	0.00	0.00	10.50	9.28	666.84	470
138	22268	0.02	0.00	50.00	6.15	666.84	468
139	21332	0.00	0.00	41.50	6.71	666.84	466
140	18428	0.00	0.00	36.50	3.81	666.84	468
141	30161	0.00	0.00	53.00	4.36	666.84	467
142	20363	0.04	0.00	39.50	7.38	666.84	468
143	24981	0.00	0.00	48.00	6.04	666.84	469
144	18581	0.13	0.00	48.50	8.84	666.84	468
145	17966	0.06	0.00	40.50	5.71	666.84	469
146	37496	0.00	0.00	58.00	3.92	666.84	468
147	35757	0.08	0.00	60.50	6.49	666.84	466
148	24478	0.08	0.00	52.00	5.37	666.84	463
149	31138	0.08	0.00	56.00	4.59	666.84	465
150	35362	0.00	0.00	58.50	0.00	666.84	466
151	34161	0.07	0.00	60.50	3.69	666.84	464
152	35550	0.00	0.00	80.50	4.70	666.84	467
