Week	AvgDTC	AvgPP	AvgSD	AVGT	AVGWS	BL(mile)ActiveSta
1	20910	0.21	0.00	81	3.99	550.69	326
2	24688	0.11	0.00	79	4.99	552.41	326
3	28499	0.00	0.00	87	4.44	553.65	329
4	30746	0.09	0.00	75	4.73	553.65	329
5	32890	0.10	0.00	74	3.80	554.96	328
6	33788	0.07	0.00	75	3.90	554.96	327
7	32903	0.13	0.00	72	3.10	554.96	328
8	32873	0.04	0.00	76	3.87	554.96	328
9	29932	0.07	0.00	78	4.25	555.07	328
10	32848	0.01	0.00	73	4.03	555.83	330
11	34205	0.24	0.00	71	4.60	556.24	329
12	35385	0.17	0.00	65	3.99	556.62	329
13	36417	0.00	0.00	63	3.68	564.54	329
14	37216	0.00	0.00	71	3.33	564.54	329
15	32310	0.04	0.00	63	8.34	569.69	328
16	34468	0.00	0.00	61	3.83	576.46	326
17	30783	0.00	0.00	52	5.14	582.99	325
18	30517	0.03	0.00	56	4.28	584.61	327
19	27045	0.02	0.00	49	6.01	587.83	328
20	24305	0.02	0.00	47	5.40	591.82	328
21	23836	0.04	0.00	44	8.05	592.18	327
22	11516	0.36	0.00	37	5.37	593.91	327
23	20509	0.14	0.00	44	4.25	593.91	328
24	13244	0.28	0.45	31	7.51	593.91	327
25	16026	0.03	2.53	42	6.29	593.91	328
26	8360	0.24	0.00	39	6.01	593.91	325
27	6348	0.11	2.25	26	7.03	596.29	313
28	9776	0.15	0.17	31	7.22	596.29	324
29	15855	0.06	0.00	39	5.02	596.29	327
30	5747	0.07	4.56	22	7.06	596.29	315
31	12367	0.01	1.55	30	5.11	596.29	323
32	5818	0.39	7.59	29	5.05	596.29	316
33	4788	0.32	13.67	27	8.53	596.29	304
34	9334	0.08	14.12	40	5.78	596.29	322
35	10851	0.00	5.79	28	6.17	596.29	327
36	12371	0.01	3.88	32	6.42	596.29	329
37	15981	0.05	0.17	41	7.38	596.29	330
38	16365	0.13	0.00	40	7.44	596.29	330
39	13088	0.31	0.00	38	8.18	596.29	329
40	20257	0.06	0.00	49	5.72	596.72	326
41	24533	0.12	0.00	57	6.10	596.72	326
42	20760	0.11	0.00	50	6.97	596.72	325
43	25598	0.14	0.00	55	6.26	598.48	326
44	22249	0.75	0.00	57	6.01	599.22	322
45	26546	0.12	0.00	63	4.34	599.22	324
46	27961	0.24	0.00	64	5.18	599.69	323
47	27590	0.22	0.00	65	3.32	599.69	323
48	30979	0.01	0.00	66	4.70	599.69	323
49	31970	0.14	0.00	72	3.99	601.61	324
50	26684	0.42	0.00	69	4.70	601.95	325
51	33056	0.02	0.00	75	3.99	603.65	326
52	32854	0.02	0.00	76	3.67	604.61	327
53	26138	0.41	0.00	76	4.50	607.83	325
54	31982	0.08	0.00	79	4.32	608.67	324
55	31213	0.25	0.00	75	4.03	608.67	325
56	33427	0.03	0.00	77	3.93	608.84	323
57	32547	0.10	0.00	73	4.38	609.59	323
58	33339	0.00	0.00	77	3.13	610.69	323
59	30710	0.10	0.00	73	4.60	611.48	323
60	31910	0.06	0.00	73	3.80	614.62	322
61	29581	0.09	0.00	77	3.23	614.62	324
62	30928	0.02	0.00	79	3.80	615.44	325
63	32396	0.04	0.00	69	5.62	616.45	324
64	32331	0.07	0.00	65	3.23	616.45	326
65	30864	0.05	0.00	66	4.41	618.12	325
66	28920	0.17	0.00	64	4.67	618.47	326
67	28241	0.06	0.00	61	4.38	618.47	325
68	26973	0.26	0.00	64	4.98	621.40	325
69	22477	0.32	0.00	56	6.07	621.40	324
70	24397	0.06	0.00	53	6.10	623.11	323
71	23108	0.05	0.00	52	4.89	623.11	324
72	21983	0.04	0.00	46	3.80	625.17	326
73	15467	0.22	0.00	38	6.36	626.26	326
74	12168	0.28	0.00	46	5.43	626.26	320
75	14153	0.29	0.00	43	7.32	627.49	323
76	13313	0.38	0.17	37	8.66	627.75	324
77	15875	0.03	0.00	39	5.43	627.75	326
78	8600	0.17	0.00	48	6.55	627.75	326
79	9205	0.14	0.00	37	6.04	627.75	326
80	9025	0.02	0.51	23	8.40	627.75	326
81	10247	0.35	0.00	30	6.13	627.75	324
82	12552	0.10	0.73	36	5.88	627.75	327
83	5753	0.14	6.24	26	8.44	627.75	312
84	6632	0.15	7.76	27	7.03	627.75	319
85	7576	0.02	8.04	24	9.20	627.75	320
86	5620	0.12	10.01	21	6.42	627.75	319
87	7796	0.07	11.19	24	6.07	627.75	322
88	5945	0.24	15.47	32	5.91	627.75	317
89	13234	0.19	5.29	44	6.71	627.75	323
90	12571	0.06	0.73	38	7.10	627.75	324
91	12053	0.09	0.00	39	5.18	627.75	316
92	17089	0.03	0.00	50	6.61	627.75	323
93	18426	0.05	0.00	49	6.90	627.75	321
94	25175	0.01	0.00	61	5.59	627.75	321
95	20543	0.23	0.00	53	6.90	627.75	318
96	28206	0.00	0.00	60	5.40	628.84	318
97	30781	0.00	0.00	69	3.90	629.04	320
98	33090	0.05	0.00	69	3.96	629.04	320
99	30206	0.00	0.00	64	4.44	630.85	320
100	31726	0.22	0.00	76	4.92	630.85	318
101	26147	0.20	0.00	61	5.40	632.31	319
102	34150	0.06	0.00	77	4.44	633.37	321
103	31088	0.21	0.00	74	3.99	633.37	323
104	32201	0.20	0.00	74	5.11	635.04	323
105	31968	0.06	0.00	74	3.29	641.32	325
106	34347	0.06	0.00	79	3.55	643.15	326
107	35517	0.12	0.00	78	3.83	644.31	326
108	37233	0.00	0.00	81	3.74	644.31	325
109	36450	0.33	0.00	82	3.35	644.31	325
110	39352	0.06	0.00	78	4.09	644.49	328
111	36893	0.17	0.00	79	3.48	645.41	339
112	37537	0.09	0.00	81	4.25	647.20	374
113	39379	0.02	0.00	78	3.10	647.20	403
114	39525	0.00	0.00	81	3.26	648.05	416
115	36968	0.27	0.00	78	4.98	650.38	425
116	47006	0.00	0.00	75	3.55	650.90	438
117	47021	0.00	0.00	68	5.56	651.12	436
118	32446	0.41	0.00	63	8.25	655.99	437
119	44316	0.13	0.00	63	3.48	658.78	448
120	42240	0.00	0.00	58	4.47	658.78	455
121	40907	0.01	0.00	57	4.63	658.88	456
122	37101	0.21	0.00	56	5.02	662.67	456
123	43060	0.00	0.00	61	3.10	662.67	465
124	32733	0.10	0.00	52	6.52	663.21	464
125	33259	0.18	0.00	53	5.66	663.21	463
126	23292	0.00	0.00	47	2.72	664.00	457
127	27478	0.07	0.00	47	4.79	666.54	463
128	35311	0.00	0.00	54	3.83	666.84	467
129	27756	0.24	0.00	50	6.81	666.84	466
130	17918	0.27	0.00	57	4.98	666.84	461
131	16598	0.10	0.00	40	6.68	666.84	463
132	21974	0.26	0.00	36	5.97	666.84	467
133	21814	0.04	0.00	36	6.96	666.84	467
134	14006	0.33	3.99	27	8.92	666.84	334
135	9118	0.00	9.50	39	5.85	666.84	332
136	20720	0.18	0.46	44	5.85	666.84	469
137	15809	0.01	0.00	24	7.96	666.84	469
138	18965	0.21	0.00	39	6.49	666.84	469
139	20638	0.22	0.00	42	8.75	666.84	468
140	23278	0.04	0.00	40	6.97	666.84	470
141	35753	0.01	0.00	57	4.73	666.84	469
142	27051	0.05	0.00	48	7.35	666.84	469
143	31635	0.01	0.00	50	6.58	666.84	470
144	27924	0.09	0.00	53	8.31	666.84	470
145	23579	0.10	0.00	41	6.71	666.84	471
146	35218	0.03	0.00	54	5.05	666.84	471
147	42931	0.02	0.00	63	5.75	666.84	468
148	34306	0.06	0.00	54	5.24	666.84	467
149	30579	0.19	0.00	53	6.04	666.84	466
150	42449	0.04	0.00	61	2.27	666.84	467
151	43005	0.02	0.00	60	2.43	666.84	467
152	43855	0.03	0.00	76	3.64	666.84	468
							
