Week	avgdtc	avgpp	avgsd	avgt	avgws	bl	activesta
1	21085	0.29	0.00	78.80	3.85	550.69	326
2	23482	0.14	0.00	79.00	5.10	552.41	326
3	28784	0.00	0.00	88.00	4.12	553.65	329
4	31849	0.08	0.00	75.40	5.55	553.65	328
5	33088	0.13	0.00	74.60	3.62	554.96	328
6	33251	0.10	0.00	74.80	3.98	554.96	328
7	33084	0.18	0.00	71.80	3.35	554.96	328
8	33083	0.05	0.00	76.80	3.62	554.96	328
9	31781	0.10	0.00	77.60	4.47	554.96	328
10	32464	0.02	0.00	72.80	3.67	555.83	330
11	35183	0.33	0.00	75.40	4.74	556.03	330
12	37222	0.01	0.00	64.40	3.53	556.62	329
13	37479	0.00	0.00	61.80	3.63	564.54	329
14	39951	0.00	0.00	71.60	2.78	564.54	330
15	32976	0.05	0.00	62.20	7.74	569.69	329
16	36495	0.00	0.00	62.60	3.58	575.58	326
17	33389	0.00	0.00	52.40	4.92	582.99	325
18	32362	0.04	0.00	56.20	3.98	584.61	326
19	29573	0.03	0.00	48.60	5.91	587.83	329
20	25389	0.01	0.00	43.60	6.31	591.82	328
21	27692	0.06	0.00	47.60	6.93	592.18	328
22	11484	0.50	0.00	37.00	6.13	593.91	327
23	23586	0.15	0.00	48.40	3.49	593.91	329
24	16308	0.11	0.00	31.00	6.76	593.91	329
25	15836	0.04	3.31	34.60	6.13	593.91	328
26	8545	0.10	0.00	36.20	5.77	593.91	325
27	7894	0.12	1.18	26.00	8.10	596.29	316
28	9645	0.09	0.24	25.20	7.03	596.29	324
29	18503	0.08	0.00	41.80	4.12	596.29	328
30	6182	0.10	4.80	21.00	8.36	596.29	315
31	11997	0.01	1.69	24.80	5.82	596.29	323
32	5949	0.52	7.24	30.80	5.37	596.29	315
33	5651	0.42	11.89	26.20	8.28	596.29	306
34	7794	0.11	15.98	37.00	5.59	596.29	320
35	11713	0.01	5.91	26.40	6.98	596.29	327
36	11597	0.01	4.41	27.00	6.58	596.29	329
37	16793	0.07	0.24	40.80	7.02	596.29	330
38	16587	0.18	0.00	39.20	7.56	596.29	330
39	15845	0.01	0.00	34.80	7.29	596.29	331
40	20479	0.09	0.00	49.00	5.46	596.72	327
41	23551	0.17	0.00	54.40	6.53	596.72	325
42	20498	0.15	0.00	47.80	7.38	596.72	325
43	27472	0.01	0.00	54.80	6.53	598.48	326
44	21793	1.02	0.00	55.80	6.08	599.22	322
45	27133	0.09	0.00	59.40	4.56	599.22	325
46	27675	0.34	0.00	65.60	5.10	599.69	324
47	30140	0.23	0.00	64.60	3.53	599.69	323
48	31558	0.00	0.00	66.80	4.70	599.69	323
49	32485	0.20	0.00	71.40	4.43	601.61	324
50	25997	0.59	0.00	68.80	4.79	601.95	324
51	34338	0.03	0.00	76.00	4.21	603.65	326
52	34697	0.03	0.00	75.80	4.03	604.61	327
53	27246	0.58	0.00	77.60	3.98	607.83	326
54	34058	0.10	0.00	79.80	4.34	608.67	324
55	31781	0.35	0.00	75.80	3.80	608.67	325
56	35961	0.04	0.00	76.80	3.98	608.84	323
57	35154	0.04	0.00	74.00	4.47	609.59	323
58	34997	0.00	0.00	76.80	3.22	610.69	323
59	31107	0.14	0.00	73.20	4.92	611.48	324
60	33890	0.08	0.00	73.60	3.76	614.62	323
61	33265	0.00	0.00	76.20	3.40	614.62	324
62	32189	0.00	0.00	80.80	3.45	615.44	325
63	36158	0.00	0.00	71.20	6.22	616.45	325
64	34045	0.07	0.00	63.60	3.62	616.45	326
65	31367	0.06	0.00	63.80	5.32	618.12	324
66	33126	0.00	0.00	66.60	4.07	618.47	326
67	32266	0.02	0.00	63.00	4.70	618.47	326
68	28999	0.37	0.00	66.60	4.20	621.40	326
69	22324	0.45	0.00	55.00	5.77	621.40	324
70	30136	0.01	0.00	56.80	4.61	622.32	324
71	25222	0.07	0.00	54.20	5.10	623.11	324
72	25311	0.05	0.00	49.40	3.85	625.17	326
73	15984	0.31	0.00	36.20	7.16	626.07	327
74	12922	0.39	0.00	46.60	6.04	626.26	319
75	16902	0.15	0.00	43.40	7.07	627.49	324
76	13740	0.53	0.24	35.20	9.13	627.75	324
77	18559	0.04	0.00	42.00	5.64	627.75	326
78	8410	0.22	0.00	46.80	7.12	627.75	325
79	10421	0.00	0.00	34.40	5.86	627.75	326
80	9920	0.02	0.24	22.60	8.95	627.75	326
81	12489	0.07	0.00	30.00	6.62	627.75	329
82	14735	0.00	0.00	35.20	5.77	627.75	329
83	5728	0.18	6.14	26.80	8.59	627.75	310
84	6594	0.20	7.72	25.20	7.38	627.75	317
85	9168	0.02	7.87	26.20	8.90	627.75	322
86	6382	0.03	9.61	17.60	7.52	627.75	320
87	9075	0.00	11.50	23.40	7.34	627.75	324
88	5626	0.34	14.80	30.60	6.22	627.75	317
89	15979	0.10	7.17	44.80	6.00	627.75	324
90	13797	0.08	0.00	38.80	7.34	627.75	324
91	14687	0.13	0.00	40.80	4.47	627.75	325
92	18294	0.04	0.00	48.80	6.26	627.75	324
93	18078	0.06	0.00	46.80	7.25	627.75	322
94	25315	0.02	0.00	60.40	5.28	627.75	321
95	20224	0.32	0.00	52.60	7.52	627.75	318
96	28801	0.00	0.00	59.00	6.49	628.84	319
97	32913	0.00	0.00	70.00	3.89	629.04	321
98	35356	0.00	0.00	68.20	4.74	629.04	320
99	32476	0.00	0.00	64.20	4.56	630.31	320
100	34270	0.02	0.00	76.80	4.65	630.85	319
101	25185	0.24	0.00	58.40	5.86	632.31	319
102	36177	0.01	0.00	76.60	4.61	633.37	321
103	33622	0.17	0.00	73.20	3.62	633.37	323
104	37866	0.00	0.00	77.40	4.61	634.64	324
105	35230	0.09	0.00	74.00	3.62	641.32	325
106	35534	0.08	0.00	79.00	4.07	643.15	326
107	38243	0.11	0.00	76.40	3.84	644.31	326
108	39690	0.00	0.00	80.60	3.71	644.31	325
109	37669	0.46	0.00	82.80	3.40	644.31	324
110	40806	0.09	0.00	78.80	4.21	644.49	328
111	38017	0.23	0.00	76.80	3.89	645.41	336
112	39082	0.12	0.00	82.40	4.25	647.20	369
113	41672	0.00	0.00	77.20	3.13	647.20	401
114	41894	0.00	0.00	82.60	3.49	648.05	416
115	38064	0.32	0.00	80.00	4.87	650.38	423
116	49113	0.00	0.00	75.00	2.86	650.90	438
117	49661	0.00	0.00	68.80	5.59	651.12	436
118	36069	0.51	0.00	66.40	7.11	655.99	438
119	46381	0.18	0.00	65.00	3.63	658.78	448
120	47979	0.00	0.00	62.80	4.12	658.78	455
121	45070	0.00	0.00	58.40	4.70	658.88	457
122	39466	0.29	0.00	57.00	5.46	658.88	458
123	46703	0.00	0.00	63.20	2.73	662.67	465
124	35568	0.14	0.00	53.40	6.62	662.67	466
125	36287	0.25	0.00	54.60	5.37	663.21	464
126	25753	0.00	0.00	46.00	3.80	664.00	459
127	28210	0.09	0.00	47.40	5.59	666.54	462
128	36644	0.00	0.00	50.60	4.29	666.84	468
129	31897	0.33	0.00	54.80	6.44	666.84	468
130	19668	0.35	0.00	58.80	4.20	666.84	463
131	17220	0.14	0.00	41.20	6.44	666.84	463
132	23739	0.00	0.00	31.20	4.79	666.84	469
133	24299	0.00	0.00	33.40	7.29	666.84	469
134	19608	0.00	0.00	27.20	8.19	666.84	467
135	6947	0.00	11.34	38.20	5.77	666.84	279
136	22100	0.25	0.64	47.40	6.00	666.84	469
137	19877	0.01	0.00	29.40	7.43	666.84	469
138	17644	0.29	0.00	34.00	6.62	666.84	470
139	20360	0.31	0.00	42.60	9.57	666.84	469
140	25218	0.06	0.00	41.60	8.23	666.84	470
141	37990	0.01	0.00	59.00	4.88	666.84	470
142	29726	0.06	0.00	51.60	7.34	666.84	470
143	34297	0.02	0.00	51.00	6.80	666.84	471
144	31661	0.08	0.00	55.40	8.10	666.84	471
145	25825	0.11	0.00	41.80	7.11	666.84	472
146	34307	0.04	0.00	52.40	5.50	666.84	472
147	45800	0.00	0.00	64.40	5.46	666.84	470
148	38238	0.06	0.00	54.80	5.19	666.84	469
149	30355	0.24	0.00	52.00	6.62	666.84	466
150	45284	0.05	0.00	62.40	3.18	666.84	468
151	46542	0.00	0.00	59.60	1.92	666.84	469
152	47177	0.04	0.00	73.60	3.22	666.84	469
